1080035450
1080035240
1081558540
1081591200
1081443780
1081528890
1081517640
1081479080
1081459750
1081556770
1081519100
1081460390
1081458870
1081514270
1081517900
1081408840
1081397500
1080038670
1080038240
4080884590
4080906980
4080887940
4080891940
4080876880
4080877190
4080878380
4080871480
4080867970
4080874200
4080867670
4080073420
4080869640
4080861290
4080857710
4080860010
4080854310
4080848330
4080855020
4080847410
4080848300
4080847830
4080834880
4080835350
4080828500
4080826880
4080825750
4080830030
4080826800
4080825780
4080833570
4080827960
4080823690
4080821440
4080815220
4080814160
4080819260
4080806820
4080804020
4080807790
4080795100
4080798530
4080806580
4080790300
4080787990
4080792070
4080801220
4080788410
4080074420
4080788820
4080784310
4080778090
4080773130
4080772670
4080775130
4080779600
4080764020
4080767110
4080759170
4080766930
4080759840
4080751440
4080749830
4080748330
4080747130
4080743640
4080731420
4080735530
4080743670
4080732130
4080726730
4080725410
4080723990
4080717410
4080722050
4080722040
4080719430
4080718630
4080716990
4080717130
4080713740
4080714160
4080704740
4080696860
4080699440
4080698350
4080693490
4080686950
4080694430
4080688800
4080623570
4080617240
4080612760
4080627740
4080607970
4080606850
4080606120
4080596310
4080573490
4080568340
4080569000
4080562250
4080534750
4080566660
4080534400
4080534080
4080532370
4080521810
4080517850
4080511640
4080508360
4080489930
4080495890
4080469120
4080462730
4080458870
4080451150
4080431910
4080437770
4080436440
2080776150
2080776160
2080773470
2080772660
2080773980
2080769790
2080768010
2080769970
2080765750
2080758140
2080754200
2080755310
2080758280
2080748510
2080746320
2080755700
2080745270
2080751810
2080745350
2080746030
2080746220
2080739730
2080742120
2080735560
2080734250
2080736040
2080732660
2080735470
2080727300
2080726600
2080731350
2080729400
2080726440
2080728160
2080729760
2080726290
2080725350
2080720760
2080724820
2080725410
2080719810
2080097790
2080718090
2080723010
2080721510
2080716690
2080717210
2080716200
2080716400
2080719040
2080715450
2080713240
2080716830
2080714450
2080704920
2080705220
2080711070
2080706410
2080703630
2080703690
2080683970
2080692480
2080690060
2080691890
2080687830
2080687930
2080686020
2080680310
2080098120
2080679750
2080686920
2080671340
2080672780
2080672410
2080070240
2080672440
2080667250
2080665170
2080664170
2080662110
2080663070
2080662020
2080658040
2080659890
2080659860
2080644650
2080086950
2080644210
2080097350
2080641600
2080634150
2080635740
2080641070
2080069960
2080098200
2080631860
2080633750
2080639850
2080625970
2080624220
1080527900
1080832430
1081957020
1080829010
1080916470
1080881020
1080063600
1080772830
1080757270
1080708340
1080805430
1080707510
1080721580
1080966530
1080743740
1080464230
1080076070
1080648760
1080856990
1080700940
1080931680
1080964960
1080879140
1080931110
1080652040
1080907920
1080416070
1080919830
1080822640
1080854470
1080004250
1080684980
1080976090
1080655410
1080816530
1080706870
1080729110
1080882760
1080882150
1080946460
1080909700
1080677490
1080659290
1080818330
1080894640
1080649700
1080529160
1081042390
1080729840
1080869460
1080004340
1080951490
1080900190
1080862090
1080905530
1080670250
1080872990
1080669030
1080840290
1080481360
6080702080
6080692720
6080686440
6080701430
6080657440
6080651620
6080645840
6080644480
6080637580
6080633850
6080634210
6080628010
6080627100
6080622350
6080623890
6080625450
6080619630
6080607990
6080604970
6080583710
6080592600
6080599330
6080592610
6080594470
6080588150
6080578890
6080568050
6080572530
6080576460
6080576400
6080570230
6080569360
6080566650
6080561620
6080566030
6080562540
6080554450
6080558260
6080549820
6080542330
6080549890
6080546890
6080549660
6080536650
6080548160
6080543050
6080536200
6080539150
6080532970
6080533730
6080535300
6080525280
6080512000
6080506700
6080506320
6080511920
6080498710
6080505170
6080499000
6080497580
6080495690
6080496940
6080497070
6080492830
6080489490
6080481330
6080479220
6080474450
6080479430
6080475100
6080470900
6080464140
6080470840
6080457780
6080451890
6080449970
6080460230
6080443230
6080441870
6080441690
6080442460
6080441970
6080441290
6080438660
6080439520
6080432050
6080437560
6080432830
6080427120
6080433860
6080421130
6080428470
6080430200
6080424210
6080416000
6080419030
6080407910
6080412090
6080400990
6080402420
6080400330
6080390660
6080398310
6080395130
6080393190
6080387360
6080383660
6080392860
6080387900
6080379740
6080382710
6080386180
6080383570
6080375300
6080361330
6080362820
6080381260
6080363180
6080368950
6080363790
6080362340
6080359970
6080342510
6080360550
6080346660
6080352450
6080354530
6080347520
6080354170
6080326010
6080342670
6080352270
6080345090
6080337240
6080341800
6080334430
6080327060
6080325560
6080330220
6080322960
6080332630
6080324860
6080318400
6080312430
6080315900
6080307130
6080308740
6080309090
6080310520
6080307010
6080303810
6080310710
6080298400
6080295500
6080299720
6080298170
6080290460
6080289160
6080287620
6080283940
6080285650
6080272180
6080280530
6080275160
6080276540
6080262490
6080268180
6080270230
6080276650
6080270610
6080262520
6080261880
6080264050
6080253240
6080250190
6080007620
6080244520
6080239890
6080238400
6080241650
6080236320
6080238550
6080230380
6080231360
6080223970
6080228500
6080229010
6080227450
6080221070
6080222700
6080224020
6080219730
6080220540
6080215970
6080007240
6080203210
6080006670
6080207440
6080199830
6080201720
6080199050
6080197000
6080195780
6080199930
6080191450
6080194190
6080193560
6080192480
6080187970
6080190330
6080187980
6080188810
6080186890
6080185610
6080187740
6080187600
6080180180
6080184080
6080175940
6080172490
6080177030
6080172880
6080172660
6080170460
6080174710
6080167870
6080167910
6080164840
6080169640
6080161520
6080157830
6080159470
6080152040
6080152470
6080147810
6080147370
6080147470
6080147100
6080141690
6080140960
6080139260
6080130680
6080129990
6080119510
6080117250
6080116820
6080089850
6080079990
6080072910
6080001970
1081388030
1081353610
1081347290
1081344210
1081340350
1081337130
1081320840
1081321120
1081310060
1081298950
1081302640
1081294130
1081300990
1081284180
1081288240
1081282230
1081284690
1081276800
1081270780
1081264920
1081260340
1081261670
1081253840
1081239610
1081245520
1081237270
1081239660
1081232200
1081218120
1081212530
1081209540
1081202110
1081198030
1081187200
1081192060
1081194310
1081182220
1081181530
1081159310
1081151740
1081149780
1081135940
1081137120
1081135540
1081124860
1081132240
1081120780
1081112430
1081110320
1081113090
1081104180
1081104280
1081096630
1081103300
1081089490
1081081850
1081080650
1081062630
1081055530
1081052530
7080003710
7080821410
7080823020
7080799770
7080001740
7080001090
7080819630
7080850380
7080808050
7080050270
7080799570
7080882060
7080863210
7080836480
7080845300
7080796030
7080002120
7080053800
7080789730
7080807740
7080793090
7080846030
7080845840
7080851520
7080847260
7080807510
7080054070
7080868750
7080882220
7080054050
7080861320
7080832460
7080791470
7080864280
7080805050
7080828730
7080849760
7080050120
7080836020
7080843310
7080049940
7080077610
7080837270
7080834700
7080845510
7080803840
7080797830
7080853490
7080821020
7080862250
7080825140
7080003650
7080872710
7080857660
7080049920
7080832170
7080003780
7080807200
6080081810
6080059820
4080028860
4081148240
4081141390
4081141240
4081118910
4080028160
4081116520
4081112900
4081112980
4081107280
4080028070
4081106880
4081096870
4081091120
4081088690
4081088030
4081084990
4081083950
4081084030
4081083220
4081078870
4081074330
4081071880
4081069890
4081064660
4081061360
4081061050
4081058340
4081056660
4081058190
4081050830
4081053690
4081047330
4081051820
4081048740
4081048040
4081045220
4081041560
4081043790
4081042800
4081044480
4081043640
4081040770
4081032960
4081034380
4080031450
4081024050
4081023390
4081017860
4081010990
4081003430
4080994220
4080993270
4080982170
4080991080
4080973400
4080970580
4080964580
4080961410
4080944490
4080939410
4080938790
4080938070
4080919730
4080908090
4080916530
4080886820
4080867120
4080852590
4080848560
7080878070
7080854440
7080833170
7080870880
7080843460
7080822230
7080884160
7080831510
7080880180
7080841210
7080843980
7080827210
7080833340
7080852040
7080862950
7080844500
7080849330
7080847640
7080865580
7080054600
7080881820
7080078710
7080876680
7080006320
7080075410
7080868630
7080825370
6080091060
6080064890
4080140740
4080102970
4080151080
4080121980
4080257000
4080115900
4080270340
4080118960
4080116000
4080249810
4080121570
4080283210
4080257440
4080184430
4080147970
4080210480
4080186890
4080128150
4080120110
4080110860
4080206800
4080117130
4080269490
4080058150
4080317910
4080107080
4080146680
4080248630
4080247730
4080175040
4080289760
4080106880
4080235910
4080227240
4080130370
4080139750
4080262600
4080125330
4080254300
4080299320
4080118300
4080270310
4080119220
4080113400
4080149750
4080124220
4080218390
4080295810
4080260190
4080257780
4080061190
4080574820
4080572100
4080567460
4080539370
4080522170
4080534700
4080515190
4080054510
4080503830
4080501890
4080484110
4080483440
4080462510
4080436150
4080472070
4080469180
4080464970
4080458690
4080446570
4080465500
4080437900
4080441020
4080440820
4080448600
4080431480
4080425890
4080421700
4080421020
4080417210
4080419260
4080419770
4080404090
4080407300
4080402320
4080395150
4080393120
4080392930
4080389420
4080379820
4080367040
4080372080
4080369420
4080368460
4080378300
4080341150
4080351970
4080337500
4080353330
4080319860
4080325890
4080320630
4080326810
4080316780
4080312770
4080310100
4080318010
4080312070
4080284220
4080281750
4080278960
4080272420
4080275390
4080270950
4080251720
4080250480
4080224690
4080233690
4080230920
4080218190
4080217370
4080222090
4080216260
4080193730
4080188380
1080043890
1080044340
1080047410
1080047440
1080050310
1080050670
1080050800
1080051800
1080053510
1080054330
1080054590
1080064490
1080065660
1080068850
1080109440
1080191470
1080193410
1080207680
1080225330
1080225400
1080236630
1080238420
1080243680
1080245370
1080245630
1080255480
1080256320
1080268380
1080270910
1080275640
1080285460
1080288970
1080290480
1080301170
1080311800
1080313450
1080313500
1080350230
1080370530
1080370970
1080386010
1080406680
1080415050
1080416800
1080417700
1080422330
1080422890
1080427220
1080441360
1080454630
1080465650
1080473100
1080486000
1080499430
1080509690
1080514700
1080521360
1080523580
1080524100
1080536760
6080019720
6080040940
6080040990
6080041200
6080049050
6080802250
6080813520
6080827520
6080844720
6080846250
6080852250
6080888600
6080899260
6080908090
6080911180
6080912380
6080914640
6080928790
6080946260
6080954870
2080066850
2080066900
2080068000
2080068180
2080086580
2080087670
2080088490
2080093720
2080388370
2080397260
2080414010
2080427150
2080437180
2080443270
2080445500
2080446180
2080448440
2080453890
2080482680
2080485110
2080508470
2080527380
2080549070
2080557020
2080568750
2080074330
2080075450
2080082320
2080083480
2080083890
2080087980
2080088210
2080088720
2080089000
2080098010
2080891270
2080892990
2080899310
2080906470
2080911100
2080912310
2080917840
2080918850
2080919290
2080925710
2080925930
2080926620
2080927270
2080927760
2080928780
2080930230
2080930280
2080935110
2080938750
2080940170
2080940280
2080940950
2080941060
2080949910
2080957610
2080958070
2080964890
2080972990
2080978050
2080986760
2080989330
2080989540
2080992400
2080998290
2080998910
2080999280
2080999620
2081002740
2081003620
2081007490
3080002770
3080037350
3080038320
3080039810
3080039840
3080043690
3080045060
3080046340
3080049390
3080050430
3080052790
3080062060
3080065470
3080069600
3080073430
3080074120
3080083510
3080087090
3080091020
3080098800
3080102960
3080111860
3080115070
3080127310
3080129090
3080133940
3080150570
3080153390
3080157280
3080179510
3080204750
3080214240
3080222090
3080232130
3080250250
3080263630
3080288080
3080295250
3080351450
3080446350
3080453620
3080458050
3080497910
3080498160
3080583520
3080584000
3080586170
3080598660
3080599360
3080612710
3080621650
3080625860
3080634430
3080639690
3080646200
8080010430
8080010590
8080010990
8080011460
8080012620
8080013390
8080013570
8080013710
8080013720
8080013790
8080013840
8080013980
8080016850
8080077340
8080083520
8080091280
8080109880
8080111080
8080111140
8080111340
8080116400
8080116880
8080118470
8080123270
8080124610
8080129160
8080129420
8080130930
8080130990
8080140220
8080140610
8080143710
8080146660
8080147560
8080148880
8080152110
8080153560
8080154010
8080154450
8080154670
8080158040
8080158900
8080159750
8080160400
8080161020
8080161460
8080162170
8080162190
8080162660
8080171180
8080174810
8080177090
8080182310
8080186180
8080187970
8080188700
8080190000
8080192030
8080204270
8080208600
5080088950
5080089000
5080090120
5080090140
5080091470
5080093050
5080093190
5080093680
5080094360
5080096300
5080096770
5080101410
5080321470
5080325220
5080337320
5080340150
5080348850
5080367920
5080373830
5080375250
5080376620
5080380070
5080382690
5080385120
5080386130
5080386690
5080387080
5080389230
5080395560
5080401950
5080407980
5080411040
5080416430
5080416980
5080423100
5080425910
5080426030
5080430460
5080467150
5080472150
5080473280
5080478090
5080478100
5080501550
5080504820
5080519930
5080520980
5080528690
5080570650
5080570660